NACA 2614
     1.000000    0.001470
     0.993408    0.003199
     0.982284    0.006071
     0.969661    0.009264
     0.955674    0.012720
     0.940583    0.016353
     0.924690    0.020073
     0.908262    0.023806
     0.891497    0.027498
     0.874521    0.031117
     0.857416    0.034643
     0.840227    0.038065
     0.822983    0.041377
     0.805699    0.044575
     0.788386    0.047657
     0.771050    0.050622
     0.753697    0.053467
     0.736330    0.056193
     0.718952    0.058797
     0.701564    0.061278
     0.684168    0.063636
     0.666764    0.065869
     0.649349    0.067976
     0.631915    0.069956
     0.614447    0.071808
     0.596912    0.073534
     0.579291    0.075158
     0.561627    0.076688
     0.543952    0.078117
     0.526286    0.079440
     0.508640    0.080654
     0.491022    0.081754
     0.473441    0.082737
     0.455900    0.083597
     0.438405    0.084331
     0.420963    0.084934
     0.403577    0.085401
     0.386255    0.085727
     0.369002    0.085907
     0.351827    0.085935
     0.334736    0.085805
     0.317739    0.085511
     0.300847    0.085048
     0.284071    0.084408
     0.267426    0.083585
     0.250930    0.082572
     0.234603    0.081363
     0.218472    0.079952
     0.202571    0.078333
     0.186942    0.076504
     0.171639    0.074464
     0.156733    0.072216
     0.142308    0.069772
     0.128467    0.067148
     0.115321    0.064374
     0.102983    0.061487
     0.091548    0.058531
     0.081079    0.055552
     0.071596    0.052593
     0.063076    0.049687
     0.055462    0.046856
     0.048677    0.044113
     0.042633    0.041461
     0.037243    0.038898
     0.032428    0.036417
     0.028116    0.034009
     0.024248    0.031666
     0.020770    0.029377
     0.017642    0.027132
     0.014828    0.024923
     0.012301    0.022740
     0.010038    0.020576
     0.008024    0.018425
     0.006247    0.016280
     0.004699    0.014139
     0.003376    0.011999
     0.002275    0.009862
     0.001395    0.007733
     0.000735    0.005618
     0.000289    0.003529
     0.000051    0.001477
     0.000006   -0.000523
     0.000153   -0.002544
     0.000507   -0.004603
     0.001085   -0.006679
     0.001896   -0.008755
     0.002943   -0.010818
     0.004228   -0.012855
     0.005748   -0.014860
     0.007503   -0.016830
     0.009496   -0.018765
     0.011731   -0.020667
     0.014218   -0.022542
     0.016973   -0.024394
     0.020016   -0.026229
     0.023376   -0.028054
     0.027087   -0.029874
     0.031192   -0.031695
     0.035744   -0.033522
     0.040806   -0.035359
     0.046453   -0.037208
     0.052770   -0.039068
     0.059850   -0.040934
     0.067789   -0.042798
     0.076676   -0.044641
     0.086581   -0.046441
     0.097535   -0.048167
     0.109523   -0.049784
     0.122479   -0.051257
     0.136299   -0.052559
     0.150856   -0.053669
     0.166025   -0.054575
     0.181693   -0.055276
     0.197764   -0.055774
     0.214162   -0.056077
     0.230831   -0.056196
     0.247723   -0.056140
     0.264806   -0.055921
     0.282052   -0.055551
     0.299441   -0.055039
     0.316955   -0.054395
     0.334581   -0.053630
     0.352306   -0.052753
     0.370122   -0.051771
     0.388019   -0.050693
     0.405991   -0.049526
     0.424031   -0.048278
     0.442134   -0.046954
     0.460293   -0.045562
     0.478505   -0.044106
     0.496765   -0.042593
     0.515069   -0.041026
     0.533414   -0.039412
     0.551795   -0.037754
     0.570211   -0.036055
     0.588657   -0.034321
     0.607132   -0.032557
     0.625631   -0.030802
     0.644137   -0.029069
     0.662641   -0.027361
     0.681138   -0.025680
     0.699627   -0.024029
     0.718108   -0.022407
     0.736583   -0.020818
     0.755054   -0.019260
     0.773520   -0.017734
     0.791984   -0.016241
     0.810441   -0.014781
     0.828887   -0.013354
     0.847310   -0.011960
     0.865683   -0.010601
     0.883959   -0.009278
     0.902049   -0.007996
     0.919801   -0.006764
     0.936972   -0.005595
     0.953227   -0.004508
     0.968185   -0.003523
     0.981543   -0.002654
     0.993173   -0.001906
     1.000000   -0.001470
