NACA 2614
     1.000000    0.001494
     0.993502    0.003358
     0.982486    0.006481
     0.969936    0.009975
     0.956003    0.013772
     0.940963    0.017771
     0.925145    0.021876
     0.908838    0.025994
     0.892235    0.030064
     0.875457    0.034049
     0.858574    0.037930
     0.841626    0.041694
     0.824639    0.045333
     0.807623    0.048845
     0.790590    0.052226
     0.773543    0.055472
     0.756490    0.058582
     0.739432    0.061552
     0.722374    0.064381
     0.705320    0.067066
     0.688272    0.069604
     0.671232    0.071992
     0.654200    0.074226
     0.637173    0.076304
     0.620140    0.078222
     0.603084    0.079984
     0.586009    0.081599
     0.568951    0.083068
     0.551937    0.084375
     0.534944    0.085503
     0.517913    0.086455
     0.500816    0.087248
     0.483662    0.087893
     0.466465    0.088392
     0.449238    0.088748
     0.431999    0.088961
     0.414755    0.089031
     0.397521    0.088958
     0.380306    0.088740
     0.363119    0.088376
     0.345972    0.087865
     0.328875    0.087202
     0.311839    0.086385
     0.294879    0.085411
     0.278006    0.084275
     0.261242    0.082974
     0.244604    0.081503
     0.228119    0.079857
     0.211820    0.078032
     0.195748    0.076025
     0.179957    0.073834
     0.164510    0.071459
     0.149491    0.068903
     0.134991    0.066175
     0.121124    0.063298
     0.108013    0.060302
     0.095782    0.057235
     0.084537    0.054149
     0.074338    0.051097
     0.065197    0.048126
     0.057070    0.045265
     0.049877    0.042530
     0.043518    0.039921
     0.037892    0.037429
     0.032901    0.035041
     0.028460    0.032737
     0.024498    0.030497
     0.020955    0.028304
     0.017782    0.026145
     0.014939    0.024009
     0.012393    0.021892
     0.010115    0.019791
     0.008078    0.017711
     0.006265    0.015650
     0.004675    0.013597
     0.003316    0.011538
     0.002198    0.009468
     0.001323    0.007391
     0.000682    0.005322
     0.000258    0.003274
     0.000039    0.001269
     0.000012   -0.000705
     0.000178   -0.002697
     0.000551   -0.004724
     0.001143   -0.006770
     0.001962   -0.008820
     0.003013   -0.010861
     0.004297   -0.012881
     0.005814   -0.014876
     0.007566   -0.016842
     0.009556   -0.018781
     0.011791   -0.020693
     0.014285   -0.022583
     0.017055   -0.024458
     0.020123   -0.026320
     0.023522   -0.028177
     0.027289   -0.030034
     0.031472   -0.031896
     0.036128   -0.033768
     0.041326   -0.035651
     0.047146   -0.037548
     0.053678   -0.039455
     0.061020   -0.041365
     0.069267   -0.043263
     0.078502   -0.045129
     0.088780   -0.046932
     0.100110   -0.048637
     0.112451   -0.050207
     0.125716   -0.051608
     0.139786   -0.052816
     0.154533   -0.053812
     0.169837   -0.054594
     0.185593   -0.055161
     0.201718   -0.055520
     0.218144   -0.055682
     0.234822   -0.055658
     0.251711   -0.055459
     0.268783   -0.055099
     0.286012   -0.054589
     0.303379   -0.053940
     0.320870   -0.053162
     0.338471   -0.052267
     0.356171   -0.051263
     0.373962   -0.050160
     0.391834   -0.048965
     0.409782   -0.047687
     0.427799   -0.046333
     0.445878   -0.044911
     0.464016   -0.043425
     0.482206   -0.041884
     0.500446   -0.040292
     0.518731   -0.038654
     0.537057   -0.036976
     0.555420   -0.035261
     0.573818   -0.033515
     0.592249   -0.031742
     0.610684   -0.029966
     0.629080   -0.028216
     0.647447   -0.026501
     0.665791   -0.024821
     0.684116   -0.023179
     0.702428   -0.021576
     0.720727   -0.020013
     0.739017   -0.018492
     0.757299   -0.017013
     0.775574   -0.015577
     0.793844   -0.014184
     0.812104   -0.012836
     0.830352   -0.011532
     0.848574   -0.010274
     0.866748   -0.009063
     0.884830   -0.007900
     0.902737   -0.006791
     0.920326   -0.005742
     0.937361   -0.004763
     0.953512   -0.003870
     0.968390   -0.003077
     0.981677   -0.002393
     0.993231   -0.001820
     1.000000   -0.001494
