NACA 4412                                       
 Alfa =  10.00000 Re =        0.000 Xflap,Yflap =     0.000000    0.000000
#    x        y        Cp  
   1.00000  0.00126  0.43607
   0.98432  0.00550  0.15685
   0.95300  0.01369  0.01175
   0.91640  0.02279 -0.11102
   0.87834  0.03172 -0.21410
   0.83991  0.04020 -0.30631
   0.80134  0.04819 -0.39199
   0.76266  0.05566 -0.47374
   0.72391  0.06262 -0.55374
   0.68510  0.06904 -0.63289
   0.64625  0.07492 -0.71268
   0.60739  0.08024 -0.79417
   0.56853  0.08498 -0.87815
   0.52971  0.08910 -0.96601
   0.49094  0.09258 -1.05959
   0.45229  0.09539 -1.16083
   0.41390  0.09746 -1.27842
   0.37627  0.09868 -1.42516
   0.33926  0.09876 -1.54464
   0.30260  0.09764 -1.65952
   0.26631  0.09528 -1.77299
   0.23048  0.09162 -1.88779
   0.19526  0.08661 -2.00770
   0.16091  0.08021 -2.13804
   0.12783  0.07240 -2.28770
   0.09688  0.06332 -2.47116
   0.06961  0.05348 -2.70623
   0.04786  0.04389 -3.00496
   0.03206  0.03542 -3.36313
   0.02098  0.02821 -3.77370
   0.01316  0.02199 -4.22966
   0.00758  0.01643 -4.71464
   0.00370  0.01129 -5.15443
   0.00123  0.00640 -5.34760
   0.00010  0.00176 -4.89835
   0.00023 -0.00266 -3.69837
   0.00183 -0.00711 -1.82714
   0.00505 -0.01127 -0.22654
   0.00985 -0.01497  0.59531
   0.01632 -0.01827  0.91691
   0.02489 -0.02127  0.99915
   0.03650 -0.02404  0.97064
   0.05277 -0.02651  0.89075
   0.07571 -0.02845  0.79274
   0.10593 -0.02942  0.70175
   0.14135 -0.02926  0.63127
   0.17952 -0.02818  0.58026
   0.21912 -0.02653  0.54325
   0.25956 -0.02456  0.51525
   0.30037 -0.02250  0.49277
   0.34103 -0.02052  0.47324
   0.38147 -0.01875  0.45366
   0.42204 -0.01719  0.42794
   0.46292 -0.01556  0.41071
   0.50395 -0.01389  0.39663
   0.54497 -0.01223  0.38447
   0.58589 -0.01062  0.37347
   0.62673 -0.00909  0.36317
   0.66750 -0.00768  0.35337
   0.70822 -0.00639  0.34366
   0.74891 -0.00524  0.33392
   0.78960 -0.00424  0.32429
   0.83028 -0.00339  0.31477
   0.87094 -0.00268  0.30591
   0.91140 -0.00211  0.29880
   0.95044 -0.00167  0.29709
   0.98364 -0.00138  0.31212
   1.00000 -0.00126  0.43607
