     1.000000    0.001260
     0.984319    0.005503
     0.953002    0.013689
     0.916401    0.022785
     0.878337    0.031718
     0.839911    0.040202
     0.801336    0.048186
     0.762659    0.055661
     0.723906    0.062616
     0.685096    0.069042
     0.646250    0.074924
     0.607387    0.080243
     0.568531    0.084978
     0.529706    0.089102
     0.490944    0.092584
     0.452293    0.095385
     0.413904    0.097462
     0.376268    0.098685
     0.339262    0.098762
     0.302601    0.097644
     0.266306    0.095282
     0.230475    0.091623
     0.195263    0.086614
     0.160908    0.080210
     0.127833    0.072402
     0.096878    0.063321
     0.069609    0.053481
     0.047862    0.043889
     0.032061    0.035417
     0.020981    0.028212
     0.013158    0.021991
     0.007585    0.016432
     0.003697    0.011285
     0.001231    0.006402
     0.000096    0.001756
     0.000234   -0.002662
     0.001827   -0.007111
     0.005049   -0.011268
     0.009850   -0.014969
     0.016318   -0.018270
     0.024891   -0.021272
     0.036504   -0.024035
     0.052772   -0.026512
     0.075713   -0.028446
     0.105929   -0.029418
     0.141354   -0.029256
     0.179522   -0.028184
     0.219123   -0.026527
     0.259562   -0.024559
     0.300373   -0.022499
     0.341027   -0.020524
     0.381468   -0.018753
     0.422041   -0.017191
     0.462917   -0.015564
     0.503949   -0.013890
     0.544968   -0.012226
     0.585893   -0.010615
     0.626730   -0.009091
     0.667499   -0.007677
     0.708221   -0.006390
     0.748915   -0.005243
     0.789596   -0.004241
     0.830277   -0.003387
     0.870943   -0.002678
     0.911403   -0.002107
     0.950444   -0.001672
     0.983644   -0.001381
     1.000000   -0.001260
