NACA 2614                                       
 Alfa =   3.43210 Re =   600000.000 Xflap,Yflap =     0.000000    0.000000
#    x        y        Cp  
   1.00000  0.00147  0.18963
   0.99341  0.00320  0.17127
   0.98228  0.00607  0.13711
   0.96966  0.00926  0.09853
   0.95567  0.01272  0.05727
   0.94058  0.01635  0.01505
   0.92469  0.02007  -0.02621
   0.90826  0.02381  -0.06567
   0.89150  0.02750  -0.10272
   0.87452  0.03112  -0.13746
   0.85742  0.03464  -0.17009
   0.84023  0.03806  -0.20062
   0.82298  0.04138  -0.22954
   0.80570  0.04458  -0.25664
   0.78839  0.04766  -0.28260
   0.77105  0.05062  -0.30716
   0.75370  0.05347  -0.33028
   0.73633  0.05619  -0.35227
   0.71895  0.05880  -0.37315
   0.70156  0.06128  -0.39279
   0.68417  0.06364  -0.41089
   0.66676  0.06587  -0.42747
   0.64935  0.06798  -0.44212
   0.63191  0.06996  -0.45483
   0.61445  0.07181  -0.46529
   0.59691  0.07353  -0.47586
   0.57929  0.07516  -0.50282
   0.56163  0.07669  -0.56295
   0.54395  0.07812  -0.61386
   0.52629  0.07944  -0.62372
   0.50864  0.08065  -0.63514
   0.49102  0.08175  -0.64735
   0.47344  0.08274  -0.66029
   0.45590  0.08360  -0.67404
   0.43841  0.08433  -0.68869
   0.42096  0.08493  -0.70429
   0.40358  0.08540  -0.72091
   0.38625  0.08573  -0.73843
   0.36900  0.08591  -0.75685
   0.35183  0.08593  -0.77598
   0.33474  0.08580  -0.79578
   0.31774  0.08551  -0.81610
   0.30085  0.08505  -0.83685
   0.28407  0.08441  -0.85794
   0.26743  0.08359  -0.87945
   0.25093  0.08257  -0.90101
   0.23460  0.08136  -0.92296
   0.21847  0.07995  -0.94506
   0.20257  0.07833  -0.96734
   0.18694  0.07650  -0.98969
   0.17164  0.07446  -1.01231
   0.15673  0.07222  -1.03481
   0.14231  0.06977  -1.05729
   0.12847  0.06715  -1.07973
   0.11532  0.06437  -1.10206
   0.10298  0.06149  -1.12345
   0.09155  0.05853  -1.14461
   0.08108  0.05555  -1.16441
   0.07160  0.05259  -1.18317
   0.06308  0.04969  -1.20032
   0.05546  0.04686  -1.21536
   0.04868  0.04411  -1.22878
   0.04263  0.04146  -1.23898
   0.03724  0.03890  -1.24677
   0.03243  0.03642  -1.25111
   0.02812  0.03401  -1.25072
   0.02425  0.03167  -1.24585
   0.02077  0.02938  -1.23518
   0.01764  0.02713  -1.21572
   0.01483  0.02492  -1.18790
   0.01230  0.02274  -1.14886
   0.01004  0.02058  -1.09551
   0.00802  0.01842  -1.02573
   0.00625  0.01628  -0.93522
   0.00470  0.01414  -0.82226
   0.00338  0.01200  -0.68552
   0.00227  0.00986  -0.52084
   0.00140  0.00773  -0.33531
   0.00073  0.00562  -0.13162
   0.00029  0.00353  0.07836
   0.00005  0.00148  0.28418
   0.00001  -0.00052  0.47157
   0.00015  -0.00254  0.63881
   0.00051  -0.00460  0.78307
   0.00109  -0.00668  0.89242
   0.00190  -0.00876  0.96407
   0.00294  -0.01082  0.99659
   0.00423  -0.01286  0.99579
   0.00575  -0.01486  0.96838
   0.00750  -0.01683  0.92281
   0.00950  -0.01876  0.86492
   0.01173  -0.02067  0.80141
   0.01422  -0.02254  0.73416
   0.01697  -0.02439  0.66797
   0.02002  -0.02623  0.60243
   0.02338  -0.02805  0.54017
   0.02709  -0.02987  0.48036
   0.03119  -0.03170  0.42378
   0.03574  -0.03352  0.37083
   0.04081  -0.03536  0.32125
   0.04645  -0.03721  0.27435
   0.05277  -0.03907  0.23127
   0.05985  -0.04093  0.19115
   0.06779  -0.04280  0.15400
   0.07668  -0.04464  0.12030
   0.08658  -0.04644  0.08992
   0.09754  -0.04817  0.06333
   0.10952  -0.04978  0.04012
   0.12248  -0.05126  0.02061
   0.13630  -0.05256  0.00456
   0.15086  -0.05367  -0.00823
   0.16603  -0.05458  -0.01816
   0.18169  -0.05528  -0.02530
   0.19776  -0.05577  -0.03038
   0.21416  -0.05608  -0.03336
   0.23083  -0.05620  -0.03489
   0.24772  -0.05614  -0.03475
   0.26481  -0.05592  -0.03360
   0.28205  -0.05555  -0.03144
   0.29944  -0.05504  -0.02840
   0.31696  -0.05440  -0.02461
   0.33458  -0.05363  -0.02027
   0.35231  -0.05275  -0.01549
   0.37012  -0.05177  -0.01009
   0.38802  -0.05069  -0.00457
   0.40599  -0.04953  0.00146
   0.42403  -0.04828  0.00768
   0.44213  -0.04695  0.01413
   0.46029  -0.04556  0.02082
   0.47851  -0.04411  0.02765
   0.49677  -0.04259  0.03473
   0.51507  -0.04103  0.04193
   0.53341  -0.03941  0.04939
   0.55180  -0.03775  0.05704
   0.57021  -0.03606  0.06493
   0.58866  -0.03432  0.07311
   0.60713  -0.03256  0.08155
   0.62563  -0.03080  0.08936
   0.64414  -0.02907  0.09661
   0.66264  -0.02736  0.10343
   0.68114  -0.02568  0.10986
   0.69963  -0.02403  0.11599
   0.71811  -0.02241  0.12182
   0.73658  -0.02082  0.12743
   0.75505  -0.01926  0.13284
   0.77352  -0.01773  0.13809
   0.79198  -0.01624  0.14320
   0.81044  -0.01478  0.14824
   0.82889  -0.01335  0.15317
   0.84731  -0.01196  0.15804
   0.86568  -0.01060  0.16282
   0.88396  -0.00928  0.16741
   0.90205  -0.00800  0.17175
   0.91980  -0.00676  0.17573
   0.93697  -0.00560  0.17928
   0.95323  -0.00451  0.18239
   0.96819  -0.00352  0.18493
   0.98154  -0.00265  0.18693
   0.99317  -0.00191  0.18843
   1.00000  -0.00147  0.18963
