x, y
-15.941064546360158 -0.320289795065031
-12.05156290175504  -0.20885275199582537
-8.103130299653936  0.841000518494004
-4.09576224391299   1.4275108004668415
-0.029463230676066487   2.02575133282632
4.095766740056842   2.582936100700515
8.103130299653934   3.063874576665426
9.163905519157083   3.1870417582533137
10.165745285020385  3.2691532312898985
11.226520504523538  3.357129717651845
12.346226681522673  3.386455231750487
13.230204532394009  3.0286839373734638
14.290975255753303  2.606396601473796
