x, y
-16 0.3965363107102339
-11.992631944259056 -0.4317268381342375
-7.98526388851811   0.17237893128651824
-4.03683128641701   0.7412939495473552
0.029467726819916606    1.3688597722695577
4.154697697552834   1.926044540143754
8.220996710789759   2.471499169499268
9.222836476653068   2.606396601473796
10.224676242516377  2.7061032822884035
11.226520504523538  2.8234053386829707
12.346226681522673  2.9172470061722167
13.289135489889993  2.98762828475614
14.349906213249294  2.8351353653336937
15.292819517760464  2.272085696002095
